______________________________
    1 | 2: represents 120,
	(leaf unit: 10) 
______________________________
       q1kwh      q2kwh   
______________________________
            |  5 |66         
            |  6 |0          
            |  7 |226        
           4|  8 |00048    
            |  9 |22         
            | 10 |0          
          62| 11 |2          
            | 12 |            
            | 13 |            
           0| 14 |            
            | 15 |            
           4| 16 |            
            | 17 |            
           8| 18 |            
          66| 19 |            
          80| 20 |            
           6| 21 |            
            | 22 |            
            | 23 |            
            | 24 |            
            | 25 |            
            | 26 |            
            | 27 |            
            | 28 |            
          22| 29 |            
            | 30 |            
            | 31 |            
            | 32 |            
            | 33 |            
           4| 34 |            
            | 35 |            
______________________________
n:        15      15      

